=== CanMod 통합 로그 ===
Generated: 2026-05-10 07:12:56.875
Firmware: 1.2.0
Build: FW120-2605091728
Env: lilygo_t2can
BuiltAt: 2026-05-09T17:28:31+09:00
Git: can-bus-stabilization/35a0819 dirty=1 source=fbdb779ac447
Uptime: 1743850 ms (00:29:03)
BUS-OFF 쿨다운: 1000 ms

=== [1] 런타임 로그 ===
[2026-05-10 07:12:38.409] 🔵⚡ [A-CH] 작동 OK: EAP 규제 완화 주입 완료
[2026-05-10 07:12:40.359] 🟢⚡ [A-CH] TSLLC 주입 완료: 정지/출발 제어 활성
[2026-05-10 07:12:40.712] 🟢 [A-CH] RX:10318 | 1021:10318 | mod:3440 | TX:OK=6164/Fail=116 | TEC=0/peak=0 | REC=0 | MERRF=0 | RX-OVR=1 | EFLG=0x00
[2026-05-10 07:12:40.712] 🔵 [B-CH] RX:4887992|Filt:345159|Echo:54073|TxFail:0|TEC:0/REC:0|880:168774|921:0|923:4487|297:171898|DAS:1@923|Mode:B|TWAI:O
[2026-05-10 07:12:40.712] 🥷 [B-NAG] 5s 880:+500 921:+0 923:+10 297:+500 Echo:+0 Drop:+0 | Mode=B AP=1 Phase=0 HO=1 DAS=0x01@923 Verdict=AP_BLOCK
[2026-05-10 07:12:40.713] 🚦 [B-GATE] Skip OFF/AP/HO/DAS:+0/500/0/0 | NoDAS Echo:+0 | Last=AP_BLOCK
[2026-05-10 07:12:40.713] 🔬 [B-DEEP] ArbLost:55967|BusErr:21|TxFailed:0|RxMissed:0|EchoLat:0us|EchoDrop:0|Skip RT:0/AP:62207/HO:1876/DAS:7211
[2026-05-10 07:12:40.713] 🔍 [DBG] B-Other:4542833 | B-LastID:1271 | TWAI-Code:1 | CanTaskOK:1 | BDriverOK:1 | TWAIerr:0/0
[2026-05-10 07:12:43.909] 🔵⚡ [A-CH] 작동 OK: EAP 규제 완화 주입 완료
[2026-05-10 07:12:45.360] 🟢⚡ [A-CH] TSLLC 주입 완료: 정지/출발 제어 활성
[2026-05-10 07:12:45.714] 🟢 [A-CH] RX:10348 | 1021:10348 | mod:3450 | TX:OK=6184/Fail=116 | TEC=0/peak=0 | REC=0 | MERRF=0 | RX-OVR=1 | EFLG=0x00
[2026-05-10 07:12:45.714] 🔵 [B-CH] RX:4902375|Filt:346171|Echo:54073|TxFail:0|TEC:0/REC:0|880:169275|921:0|923:4498|297:172398|DAS:2@923|Mode:B|TWAI:O
[2026-05-10 07:12:45.715] 🥷 [B-NAG] 5s 880:+501 921:+0 923:+11 297:+500 Echo:+0 Drop:+0 | Mode=B AP=1 Phase=0 HO=0 DAS=0x02@923 Verdict=AP_BLOCK
[2026-05-10 07:12:45.715] 🚦 [B-GATE] Skip OFF/AP/HO/DAS:+0/501/0/0 | NoDAS Echo:+0 | Last=AP_BLOCK
[2026-05-10 07:12:45.715] 🔬 [B-DEEP] ArbLost:55967|BusErr:21|TxFailed:0|RxMissed:0|EchoLat:0us|EchoDrop:0|Skip RT:0/AP:62708/HO:1876/DAS:7211
[2026-05-10 07:12:45.715] 🔍 [DBG] B-Other:4556204 | B-LastID:880 | TWAI-Code:1 | CanTaskOK:1 | BDriverOK:1 | TWAIerr:0/0
[2026-05-10 07:12:48.910] 🔵⚡ [A-CH] 작동 OK: EAP 규제 완화 주입 완료
[2026-05-10 07:12:50.716] 🟢 [A-CH] RX:10378 | 1021:10378 | mod:3460 | TX:OK=6204/Fail=116 | TEC=0/peak=0 | REC=0 | MERRF=0 | RX-OVR=1 | EFLG=0x00
[2026-05-10 07:12:50.716] 🔵 [B-CH] RX:4916740|Filt:347182|Echo:54073|TxFail:0|TEC:0/REC:0|880:169775|921:0|923:4508|297:172899|DAS:2@923|Mode:B|TWAI:O
[2026-05-10 07:12:50.717] 🥷 [B-NAG] 5s 880:+500 921:+0 923:+10 297:+501 Echo:+0 Drop:+0 | Mode=B AP=1 Phase=0 HO=0 DAS=0x02@923 Verdict=AP_BLOCK
[2026-05-10 07:12:50.717] 🚦 [B-GATE] Skip OFF/AP/HO/DAS:+0/500/0/0 | NoDAS Echo:+0 | Last=AP_BLOCK
[2026-05-10 07:12:50.717] 🔬 [B-DEEP] ArbLost:55967|BusErr:21|TxFailed:0|RxMissed:0|EchoLat:0us|EchoDrop:0|Skip RT:0/AP:63208/HO:1876/DAS:7211
[2026-05-10 07:12:50.717] 🔍 [DBG] B-Other:4569558 | B-LastID:273 | TWAI-Code:1 | CanTaskOK:1 | BDriverOK:1 | TWAIerr:0/0
[2026-05-10 07:12:50.861] 🟢⚡ [A-CH] TSLLC 주입 완료: 정지/출발 제어 활성
[2026-05-10 07:12:54.409] 🔵⚡ [A-CH] 작동 OK: EAP 규제 완화 주입 완료
[2026-05-10 07:12:55.718] 🟢 [A-CH] RX:10408 | 1021:10408 | mod:3470 | TX:OK=6224/Fail=116 | TEC=0/peak=0 | REC=0 | MERRF=0 | RX-OVR=1 | EFLG=0x00
[2026-05-10 07:12:55.718] 🔵 [B-CH] RX:4931120|Filt:348192|Echo:54073|TxFail:0|TEC:0/REC:0|880:170275|921:0|923:4518|297:173399|DAS:2@923|Mode:B|TWAI:O
[2026-05-10 07:12:55.719] 🥷 [B-NAG] 5s 880:+500 921:+0 923:+10 297:+500 Echo:+0 Drop:+0 | Mode=B AP=1 Phase=0 HO=0 DAS=0x02@923 Verdict=AP_BLOCK
[2026-05-10 07:12:55.719] 🚦 [B-GATE] Skip OFF/AP/HO/DAS:+0/500/0/0 | NoDAS Echo:+0 | Last=AP_BLOCK
[2026-05-10 07:12:55.719] 🔬 [B-DEEP] ArbLost:55967|BusErr:21|TxFailed:0|RxMissed:0|EchoLat:0us|EchoDrop:0|Skip RT:0/AP:63708/HO:1876/DAS:7211
[2026-05-10 07:12:55.719] 🔍 [DBG] B-Other:4582928 | B-LastID:1271 | TWAI-Code:1 | CanTaskOK:1 | BDriverOK:1 | TWAIerr:0/0
[2026-05-10 07:12:56.360] 🟢⚡ [A-CH] TSLLC 주입 완료: 정지/출발 제어 활성

=== [2] BUS-OFF 이벤트 로그 ===
seq,wall_time,timestamp_ms,tec,rec,recovery_dur_ms,since_last_ms,recovered
(BUS-OFF 없음)

=== [3] 채널 상태 스냅샷 ===
A채널: RX=10415 1021=10415 mod=3472
A진단: TX OK=6229 Fail=116 | TEC=0/peak=0 REC=0 | MERRF=0 | RX-OVR=1 | EFLG=0x00/peak=0x40 | BUS-OFF=0 | Cfg=SPI10000000->10000000/OSOFF/GuardOFF | Guard=OFF/0ms/NONE skip=0 count=0
A진단2: REC=0/peak=0 | LastRx=39ms ago | LastTx=39ms ago | EFLG이벤트=1
B채널: RX=4934519 Filt=348430 Echo=54073 TxFail=0 TEC=0 REC=0 TECpeak=0 880=170393 921=0 923=4520 297=173517 DAS=2@923 Mode=B TWAI=OK InitErr=0/0
B심층: ArbLost=55967 BusErr=21 TxFailed=0 RxMissed=0 | EchoLat=0us EchoDrop=0 | Skip RT=0/AP=63826/HO=1876/DAS=7211
B나그판정: 880=170393(age=8ms) 921=0(age=0ms) 923=4520(age=315ms) 297=173517(age=7ms) Echo=54073(age=199816ms) | Mode=B AP=1 Phase=0 HO=0 Torque=-0.23Nm DAS=0x02@923 Last=AP_BLOCK
B차단사유: OFF=0 AP_BLOCK=63826 HandsOn=1876 DAS_IDLE=7211 LateDrop=0 NoDAS_Echo=0
복구: 시도=0 성공=0 실패=0 마지막=0ms 최대소요=0ms
사용자마커: count=0 last_age=0ms detail=0
Web진단: status=1238(age=234ms dur=13/45ms) nagStats=1222(age=220ms dur=8/9ms) logsBundle=1(age=29ms dur=0/0ms) heap=205532/131012 apSta=2 apChg=1(age=1650503ms)

=== [4] 10분 시계열 로그 ===
# reset_at_ms=0 rec_start_ms=0 rec=OFF samples=120 interval_s=5
wall_time,timestamp_ms,busoff,tec,rec,arbLost,busErr,txFail,echo,f880,f921,f923,ho,dasState,nagMode,dasSource,echoDrop,skipOff,skipAP,skipHO,skipDAS,noDAS,userMark,d880,d921,d923,dEcho,dDrop,dSkipOff,dSkipAP,dSkipHO,dSkipDAS,dNoDAS,dUserMark,lastDecision,intervalDecision,f297,apState,modeBPhase,steerDeg,realTorqueNm,modeBInject,modeBLastNm,age880Ms,ageDasMs,age297Ms,ageEchoMs,modeBStateAgeMs,modeBPhaseAgeMs,modeBFirstEchoDelayMs,modeBDelayTargetMs,d297,dModeBInject
2026-05-10 07:03:00.202,1147177,0,0,0,39488,21,0,34485,110723,0,3004,0,1,0,923,0,0,38182,1667,4400,0,0,500,0,14,205,0,0,0,0,295,0,0,4,1,113848,3,0,2.0,-0.24,32140,-1.08,2,5,5,502,65535,65535,0,0,500,0
2026-05-10 07:03:05.202,1152177,0,0,0,39522,21,0,34682,111223,0,3019,0,2,0,923,0,0,38182,1667,4703,0,0,500,0,15,197,0,0,0,0,303,0,0,1,1,114348,3,0,0.9,-0.23,32140,-1.08,2,185,5,2,65535,65535,0,0,500,0
2026-05-10 07:03:10.202,1157177,0,0,0,39753,21,0,34859,111723,0,3033,0,1,0,923,0,0,38182,1667,5026,0,0,500,0,14,177,0,0,0,0,323,0,0,4,1,114848,3,0,1.6,0.03,32140,-1.08,2,186,5,192,65535,65535,0,0,500,0
2026-05-10 07:03:15.202,1162177,0,0,0,40014,21,0,35015,112223,0,3049,0,1,0,923,0,0,38182,1667,5370,0,0,500,0,16,156,0,0,0,0,344,0,0,4,1,115348,3,0,1.2,-0.27,32140,-1.08,1,94,6,592,65535,65535,0,0,500,0
2026-05-10 07:03:20.202,1167177,0,0,0,40550,21,0,35186,112723,0,3064,0,1,0,923,0,0,38182,1667,5699,0,0,500,0,15,171,0,0,0,0,329,0,0,4,1,115848,3,0,1.2,-0.06,32140,-1.08,2,27,6,32,65535,65535,0,0,500,0
2026-05-10 07:03:25.202,1172177,0,0,0,40899,21,0,35343,113223,0,3082,0,1,0,923,0,0,38182,1667,6042,0,0,500,0,18,157,0,0,0,0,343,0,0,4,1,116348,3,0,1.6,-0.08,32140,-1.08,1,134,6,631,65535,65535,0,0,500,0
2026-05-10 07:03:30.202,1177177,0,0,0,41257,21,0,35535,113723,0,3098,0,2,0,923,0,0,38182,1667,6350,0,0,500,0,16,192,0,0,0,0,308,0,0,1,1,116848,3,0,1.4,-0.07,32140,-1.08,2,78,6,2,65535,65535,0,0,500,0
2026-05-10 07:03:35.202,1182177,0,0,0,41534,21,0,35737,114223,0,3115,0,1,0,923,0,0,38182,1667,6648,0,0,500,0,17,202,0,0,0,0,298,0,0,4,1,117348,3,0,1.6,-0.19,32140,-1.08,1,31,6,32,65535,65535,0,0,500,0
2026-05-10 07:03:40.202,1187177,0,0,0,41600,21,0,35899,114723,0,3128,0,1,0,923,0,0,38182,1667,6986,0,0,500,0,13,162,0,0,0,0,338,0,0,4,1,117848,3,0,0.9,-0.01,32140,-1.08,2,204,5,212,65535,65535,0,0,500,0
2026-05-10 07:03:45.202,1192177,0,0,0,41643,21,0,36260,115223,0,3139,0,2,0,923,0,0,38182,1667,7125,0,0,500,0,11,361,0,0,0,0,139,0,0,1,1,118348,3,0,0.4,-0.04,32140,-1.08,2,419,6,2,65535,65535,0,0,500,0
2026-05-10 07:03:50.202,1197177,0,0,0,41958,21,0,36674,115723,0,3152,0,2,0,923,0,0,38182,1667,7211,0,0,500,0,13,414,0,0,0,0,86,0,0,1,1,118848,3,0,0.0,-0.06,32140,-1.08,2,53,5,2,65535,65535,0,0,500,0
2026-05-10 07:03:55.202,1202177,0,0,0,42922,21,0,37174,116223,0,3162,0,2,0,923,0,0,38182,1667,7211,0,0,500,0,10,500,0,0,0,0,0,0,0,1,1,119348,3,0,0.4,-0.19,32140,-1.08,2,103,5,2,65535,65535,0,0,500,0
2026-05-10 07:04:00.202,1207177,0,0,0,43443,21,0,37674,116723,0,3172,0,2,0,923,0,0,38182,1667,7211,0,0,500,0,10,500,0,0,0,0,0,0,0,1,1,119848,3,0,0.3,-0.14,32140,-1.08,2,153,6,2,65535,65535,0,0,500,0
2026-05-10 07:04:05.202,1212177,0,0,0,43584,21,0,38174,117223,0,3196,0,2,0,923,0,0,38182,1667,7211,0,0,500,0,24,500,0,0,0,0,0,0,0,1,1,120348,3,0,-0.5,-0.19,32140,-1.08,2,164,5,2,65535,65535,0,0,500,0
2026-05-10 07:04:10.202,1217177,0,0,0,43712,21,0,38674,117723,0,3209,0,3,0,923,0,0,38182,1667,7211,0,0,500,0,13,500,0,0,0,0,0,0,0,1,1,120848,3,0,-0.6,-0.04,32140,-1.08,2,259,6,2,65535,65535,0,0,500,0
2026-05-10 07:04:15.202,1222177,0,0,0,44425,21,0,39174,118223,0,3219,0,3,0,923,0,0,38182,1667,7211,0,0,500,0,10,500,0,0,0,0,0,0,0,1,1,121348,3,0,-0.6,-0.04,32140,-1.08,3,306,5,3,65535,65535,0,0,500,0
2026-05-10 07:04:20.202,1227177,0,0,0,44957,21,0,39634,118723,0,3229,0,3,1,923,0,0,38182,1667,7211,0,0,500,0,10,460,0,0,0,0,0,0,0,1,1,121848,3,5,-0.5,-0.14,32308,0.71,2,357,6,2,2072,172,400,0,500,168
2026-05-10 07:04:25.202,1232177,0,0,0,44981,21,0,40134,119223,0,3242,0,4,1,923,0,0,38182,1667,7211,0,0,500,0,13,500,0,0,0,0,0,0,0,1,1,122348,3,6,-0.2,-0.25,32808,2.10,2,146,5,2,3272,172,1,0,500,500
2026-05-10 07:04:30.202,1237177,0,0,0,44985,21,0,40627,119723,0,3253,0,5,1,923,0,0,38182,1674,7211,0,0,500,0,11,493,0,0,0,7,0,0,0,1,1,122848,3,6,6.8,5.64,33301,-2.10,2,263,5,2,262,672,1,0,500,493
2026-05-10 07:04:35.202,1242177,0,0,0,44990,21,0,40775,120223,0,3267,0,1,1,923,0,0,38531,1677,7211,0,0,500,0,14,148,0,0,349,3,0,0,0,9,1,123348,2,0,0.0,-0.06,33449,-2.10,3,6,6,3522,5262,3512,0,0,500,148
2026-05-10 07:04:40.202,1247177,0,0,0,45074,21,0,40952,120723,0,3283,0,2,1,923,0,0,38778,1677,7211,0,0,500,0,16,177,0,0,247,0,0,0,0,1,1,123848,3,3,-1.1,-0.18,33626,1.33,3,471,6,3,2442,1742,700,0,500,177
2026-05-10 07:04:45.202,1252177,0,0,0,45261,21,0,41412,121223,0,3294,0,4,1,923,0,0,38778,1677,7211,0,0,500,0,11,460,0,0,0,0,0,0,0,1,1,124348,3,6,2.3,0.10,34086,-2.10,3,78,6,3,2543,143,400,0,500,460
2026-05-10 07:04:50.202,1257177,0,0,0,45504,21,0,41816,121723,0,3306,0,2,1,923,0,0,38778,1677,7211,0,0,500,0,12,404,0,0,0,0,0,0,0,1,1,124848,3,3,0.2,-0.06,34490,-1.02,3,363,6,3,2223,1523,700,0,500,404
2026-05-10 07:04:55.202,1262177,0,0,0,45776,21,0,42316,122223,0,3317,0,2,1,923,0,0,38778,1677,7211,0,0,500,0,11,500,0,0,0,0,0,0,0,1,1,125348,3,3,0.3,-0.12,34990,-0.71,3,3,6,3,7223,6523,700,0,500,500
2026-05-10 07:05:00.202,1267177,0,0,0,46162,21,0,42816,122723,0,3328,0,2,1,923,0,0,38778,1677,7211,0,0,500,0,11,500,0,0,0,0,0,0,0,1,1,125848,3,3,0.3,-0.11,35490,-1.06,3,181,6,3,12223,11523,700,0,500,500
2026-05-10 07:05:05.202,1272177,0,0,0,46723,21,0,43288,123223,0,3338,0,3,1,923,0,0,38778,1677,7211,0,0,500,0,10,472,0,0,0,0,0,0,0,8,1,126348,3,4,-0.1,-0.08,35962,0.50,3,277,6,283,273,273,0,400,500,472
2026-05-10 07:05:10.202,1277177,0,0,0,46940,21,0,43776,123723,0,3348,0,3,1,923,0,0,38778,1677,7211,0,0,500,0,10,488,0,0,0,0,0,0,0,1,1,126848,3,5,0.0,-0.15,36450,1.55,2,327,6,2,5273,373,400,0,500,488
2026-05-10 07:05:15.202,1282177,0,0,0,47107,21,0,44276,124223,0,3360,0,3,1,923,0,0,38778,1677,7211,0,0,500,0,12,500,0,0,0,0,0,0,0,1,1,127348,3,6,-1.5,-0.11,36950,2.10,2,102,6,2,10273,373,400,0,500,500
2026-05-10 07:05:20.202,1287177,0,0,0,47338,21,0,44571,124723,0,3373,0,2,1,923,0,0,38778,1677,7211,0,0,500,0,13,295,0,0,0,0,0,0,0,1,1,127848,3,3,0.7,-0.09,37245,-1.01,3,167,6,3,1673,973,700,0,500,295
2026-05-10 07:05:25.202,1292177,0,0,0,48056,21,0,45071,125223,0,3383,0,2,1,923,0,0,38778,1677,7211,0,0,500,0,10,500,0,0,0,0,0,0,0,1,1,128348,3,3,0.4,-0.10,37745,-1.45,2,217,5,2,6673,5973,700,0,500,500
2026-05-10 07:05:30.202,1297177,0,0,0,48600,21,0,45472,125723,0,3394,0,2,1,923,0,0,38778,1677,7211,0,0,500,0,11,401,0,0,0,0,0,0,0,1,1,128848,3,3,0.0,-0.22,38146,0.80,3,206,5,3,1683,983,700,0,500,401
2026-05-10 07:05:35.202,1302177,0,0,0,48785,21,0,45816,126223,0,3407,0,1,1,923,0,0,38778,1677,7211,0,0,500,0,13,344,0,0,0,0,0,0,0,8,1,129348,3,0,0.4,-0.10,38490,-1.02,4,212,5,213,703,203,0,0,500,344
2026-05-10 07:05:40.202,1307177,0,0,0,48922,21,0,46089,126723,0,3419,0,1,1,923,0,0,38778,1677,7211,0,0,500,0,12,273,0,0,0,0,0,0,0,1,1,129848,3,1,-0.6,-0.11,38763,0.80,4,62,5,4,51,51,1,500,500,273
2026-05-10 07:05:45.203,1312178,0,0,0,48973,21,0,46253,127223,0,3437,1,1,1,923,0,0,38868,1720,7211,0,0,500,0,18,164,0,0,90,43,0,0,0,9,1,130348,1,0,5.1,1.22,38927,0.00,5,103,7,1334,1344,1324,0,0,500,164
2026-05-10 07:05:50.210,1317185,0,0,0,48973,21,0,46253,127724,0,3456,0,2,1,923,0,0,39369,1720,7211,0,0,501,0,19,0,0,0,501,0,0,0,0,9,9,130849,2,0,-2.8,-0.16,38927,0.00,2,150,4,6341,6351,6331,0,0,501,0
2026-05-10 07:05:55.217,1322192,0,0,0,48983,21,0,46346,128224,0,3471,0,2,1,923,0,0,39525,1766,7211,0,0,500,0,15,93,0,0,156,46,0,0,0,8,1,131350,3,2,-4.6,-0.23,39020,0.69,8,130,0,568,129,129,0,700,501,93
2026-05-10 07:06:00.217,1327192,0,0,0,48991,21,0,46561,128724,0,3482,0,2,1,923,0,0,39525,1766,7211,0,0,500,0,11,215,0,0,0,0,0,0,0,1,1,131850,3,3,-3.9,-0.06,39235,1.36,9,257,0,9,749,49,700,0,500,215
2026-05-10 07:06:05.230,1332205,0,0,0,49006,21,0,46805,129226,0,3495,0,1,1,923,0,0,39525,1766,7211,0,0,502,0,13,244,0,0,0,0,0,0,0,1,1,132351,3,1,-2.2,-0.30,39479,1.50,2,404,3,2,402,402,1,500,501,244
2026-05-10 07:06:10.231,1337206,0,0,0,49011,21,0,46991,129726,0,3508,0,2,1,923,0,0,39525,1766,7211,0,0,500,0,13,186,0,0,0,0,0,0,0,8,1,132851,3,2,1.7,-0.25,39665,0.60,3,201,5,633,193,193,0,700,500,186
2026-05-10 07:06:15.231,1342206,0,0,0,49015,21,0,47212,130226,0,3519,0,2,1,923,0,0,39525,1766,7211,0,0,500,0,11,221,0,0,0,0,0,0,0,1,1,133351,3,3,23.6,-0.26,39886,-0.77,3,345,5,3,832,122,710,0,500,221
2026-05-10 07:06:20.231,1347206,0,0,0,49018,21,0,47443,130726,0,3531,0,2,1,923,0,0,39525,1766,7211,0,0,500,0,12,231,0,0,0,0,0,0,0,8,1,133851,3,2,12.1,0.23,40117,0.00,3,434,5,443,433,433,0,700,500,231
2026-05-10 07:06:25.231,1352206,0,0,0,49032,21,0,47694,131226,0,3543,0,2,1,923,0,0,39525,1766,7211,0,0,500,0,12,251,0,0,0,0,0,0,0,8,1,134351,3,2,0.1,-0.12,40368,-0.72,3,385,5,833,383,383,0,700,500,251
2026-05-10 07:06:30.231,1357206,0,0,0,49045,21,0,47890,131726,0,3556,1,1,1,923,0,0,39525,1838,7211,0,0,500,0,13,196,0,0,0,72,0,0,0,3,1,134851,3,0,0.0,-2.40,40564,1.31,3,455,5,1503,1053,713,0,0,500,196
2026-05-10 07:06:35.231,1362206,0,0,0,49045,21,0,47890,132226,0,3574,1,1,1,923,0,0,39999,1864,7211,0,0,500,0,18,0,0,0,474,26,0,0,0,9,9,135351,2,0,3.8,0.79,40564,1.31,3,65,4,6503,6053,5713,0,0,500,0
2026-05-10 07:06:40.231,1367206,0,0,0,49045,21,0,47890,132726,0,3594,1,1,1,923,0,0,40499,1864,7211,0,0,500,0,20,0,0,0,500,0,0,0,0,9,9,135851,2,0,-0.9,-1.28,40564,1.31,3,205,5,11503,11053,10713,0,0,500,0
2026-05-10 07:06:45.231,1372206,0,0,0,49045,21,0,47890,133226,0,3609,1,1,1,923,0,0,40999,1864,7211,0,0,500,0,15,0,0,0,500,0,0,0,0,9,9,136351,2,0,12.5,1.33,40564,1.31,2,345,4,16503,16053,15713,0,0,500,0
2026-05-10 07:06:50.231,1377206,0,0,0,49045,21,0,47890,133726,0,3622,1,1,1,923,0,0,41499,1864,7211,0,0,500,0,13,0,0,0,500,0,0,0,0,9,9,136851,2,0,11.4,1.31,40564,1.31,2,355,5,21503,21053,20713,0,0,500,0
2026-05-10 07:06:55.231,1382206,0,0,0,49045,21,0,47890,134226,0,3633,0,2,1,923,0,0,41999,1864,7211,0,0,500,0,11,0,0,0,500,0,0,0,0,9,9,137351,1,0,0.5,-0.33,40564,1.31,2,490,5,26503,26053,25713,0,0,500,0
2026-05-10 07:07:00.231,1387206,0,0,0,49045,21,0,47890,134726,0,3646,0,2,1,923,0,0,42499,1864,7211,0,0,500,0,13,0,0,0,500,0,0,0,0,9,9,137851,2,0,0.8,0.24,40564,1.31,3,470,5,31503,31053,30713,0,0,500,0
2026-05-10 07:07:05.231,1392206,0,0,0,49045,21,0,47890,135226,0,3660,0,1,1,923,0,0,42999,1864,7211,0,0,500,0,14,0,0,0,500,0,0,0,0,9,9,138351,2,0,0.8,-0.16,40564,1.31,3,219,5,36503,36053,35713,0,0,500,0
2026-05-10 07:07:10.231,1397206,0,0,0,49045,21,0,47890,135726,0,3673,1,1,1,923,0,0,43499,1864,7211,0,0,500,0,13,0,0,0,500,0,0,0,0,9,9,138851,2,0,6.5,1.34,40564,1.31,3,44,5,41503,41053,40713,0,0,500,0
2026-05-10 07:07:15.231,1402206,0,0,0,49076,21,0,47948,136226,0,3685,0,2,1,923,0,0,43845,1876,7211,0,0,500,0,12,58,0,0,346,12,0,0,0,1,1,139351,3,3,0.1,-0.14,40622,-0.95,3,284,5,3,773,73,700,0,500,58
2026-05-10 07:07:20.231,1407206,0,0,0,49191,21,0,48200,136726,0,3698,0,1,1,923,0,0,43845,1876,7211,0,0,500,0,13,252,0,0,0,0,0,0,0,1,1,139851,3,1,0.6,-0.24,40874,-1.02,3,124,5,3,123,123,1,500,500,252
2026-05-10 07:07:25.231,1412206,0,0,0,49211,21,0,48406,137226,0,3710,0,1,1,923,0,0,43845,1876,7211,0,0,500,0,12,206,0,0,0,0,0,0,0,1,1,140351,3,1,9.0,-0.14,41080,-0.77,3,233,5,3,223,223,1,500,500,206
2026-05-10 07:07:30.231,1417206,0,0,0,49221,21,0,48637,137726,0,3722,0,1,1,923,0,0,43845,1876,7211,0,0,500,0,12,231,0,0,0,0,0,0,0,8,1,140851,3,0,2.9,0.07,41311,-1.00,3,205,5,203,693,193,0,0,500,231
2026-05-10 07:07:35.231,1422206,0,0,0,49222,21,0,48818,138226,0,3735,0,2,1,923,0,0,43845,1876,7211,0,0,500,0,13,181,0,0,0,0,0,0,0,8,1,141351,3,2,-1.4,-0.20,41492,1.41,3,64,5,813,64,64,0,700,500,181
2026-05-10 07:07:40.231,1427206,0,0,0,49222,21,0,48996,138726,0,3748,0,2,1,923,0,0,43845,1876,7211,0,0,500,0,13,178,0,0,0,0,0,0,0,8,1,141851,3,2,0.6,-0.03,41670,-0.84,4,33,5,1184,524,524,0,700,500,178
2026-05-10 07:07:45.231,1432206,0,0,0,49223,21,0,49260,139226,0,3759,0,2,1,923,0,0,43845,1876,7211,0,0,500,0,11,264,0,0,0,0,0,0,0,8,1,142351,3,2,-2.7,0.12,41934,0.94,4,284,5,1054,284,284,0,700,500,264
2026-05-10 07:07:50.231,1437206,0,0,0,49244,21,0,49465,139726,0,3772,0,2,1,923,0,0,43845,1876,7211,0,0,500,0,13,205,0,0,0,0,0,0,0,1,1,142851,3,3,-0.6,-0.13,42139,1.07,4,408,5,4,904,204,700,0,500,205
2026-05-10 07:07:55.231,1442206,0,0,0,49261,21,0,49670,140226,0,3788,0,1,1,923,0,0,43845,1876,7211,0,0,500,0,16,205,0,0,0,0,0,0,0,1,1,143351,3,1,-1.1,-0.12,42344,1.08,4,229,5,4,224,224,1,500,500,205
2026-05-10 07:08:00.231,1447206,0,0,0,49274,21,0,49868,140726,0,3802,0,1,1,923,0,0,43845,1876,7211,0,0,500,0,14,198,0,0,0,0,0,0,0,8,1,143851,3,0,-0.4,-0.20,42542,0.61,4,189,5,193,684,184,0,0,500,198
2026-05-10 07:08:05.231,1452206,0,0,0,49301,21,0,50049,141226,0,3816,0,2,1,923,0,0,43845,1876,7211,0,0,500,0,14,181,0,0,0,0,0,0,0,1,1,144351,3,3,-0.2,-0.18,42723,0.93,4,249,5,4,744,44,700,0,500,181
2026-05-10 07:08:10.231,1457206,0,0,0,49572,21,0,50286,141726,0,3829,0,1,1,923,0,0,43845,1876,7211,0,0,500,0,13,237,0,0,0,0,0,0,0,1,1,144851,3,1,-2.6,-0.15,42960,1.15,4,97,5,4,93,93,1,500,500,237
2026-05-10 07:08:15.231,1462206,0,0,0,50335,21,0,50515,142226,0,3841,0,1,1,923,0,0,43845,1876,7211,0,0,500,0,12,229,0,0,0,0,0,0,0,8,1,145351,3,0,-1.6,-0.18,43189,1.23,4,439,5,433,924,424,0,0,500,229
2026-05-10 07:08:20.231,1467206,0,0,0,50856,21,0,50695,142726,0,3854,0,2,1,923,0,0,43845,1876,7211,0,0,500,0,13,180,0,0,0,0,0,0,0,8,1,145851,3,2,-1.5,-0.18,43369,0.71,3,469,5,1131,464,464,0,700,500,180
2026-05-10 07:08:25.231,1472206,0,0,0,51232,21,0,50923,143226,0,3867,0,2,1,923,0,0,43845,1876,7211,0,0,500,0,13,228,0,0,0,0,0,0,0,1,1,146351,3,3,0.0,-0.06,43597,0.90,3,62,5,3,971,271,700,0,500,228
2026-05-10 07:08:30.231,1477206,0,0,0,51592,21,0,51162,143726,0,3879,0,2,1,923,0,0,43845,1876,7211,0,0,500,0,12,239,0,0,0,0,0,0,0,1,1,146851,3,3,1.8,-0.21,43836,-0.63,3,71,5,3,1552,852,700,0,500,239
2026-05-10 07:08:35.231,1482206,0,0,0,51890,21,0,51396,144226,0,3893,0,1,1,923,0,0,43845,1876,7211,0,0,500,0,14,234,0,0,0,0,0,0,0,8,1,147351,3,0,-0.5,-0.15,44070,0.62,4,71,5,72,564,64,0,0,500,234
2026-05-10 07:08:40.231,1487206,0,0,0,52339,21,0,51575,144726,0,3905,0,2,1,923,0,0,43845,1876,7211,0,0,500,0,12,179,0,0,0,0,0,0,0,8,1,147851,3,2,0.7,-0.19,44249,-1.18,4,268,5,714,264,264,0,700,500,179
2026-05-10 07:08:45.231,1492206,0,0,0,52778,21,0,51765,145226,0,3917,0,2,1,923,0,0,43845,1876,7211,0,0,500,0,12,190,0,0,0,0,0,0,0,1,1,148351,3,3,0.0,-0.15,44439,0.66,4,391,5,4,883,183,700,0,500,190
2026-05-10 07:08:50.231,1497206,0,0,0,52985,21,0,52006,145726,0,3929,0,2,1,923,0,0,43845,1876,7211,0,0,500,0,12,241,0,0,0,0,0,0,0,1,1,148851,3,3,0.3,-0.11,44680,-1.50,3,31,5,3,1014,313,701,0,500,241
2026-05-10 07:08:55.231,1502206,0,0,0,53079,21,0,52233,146226,0,3943,0,1,1,923,0,0,43845,1876,7211,0,0,500,0,14,227,0,0,0,0,0,0,0,8,1,149351,3,0,13.8,-0.19,44907,-0.72,3,38,5,32,523,23,0,0,500,227
2026-05-10 07:09:00.231,1507206,0,0,0,53192,21,0,52408,146726,0,3956,0,2,1,923,0,0,43845,1876,7211,0,0,500,0,13,175,0,0,0,0,0,0,0,8,1,149851,3,2,12.0,-0.21,45082,-0.79,3,38,5,664,33,33,0,700,500,175
2026-05-10 07:09:05.231,1512206,0,0,0,53621,21,0,52637,147226,0,3968,0,2,1,923,0,0,43845,1876,7211,0,0,500,0,12,229,0,0,0,0,0,0,0,8,1,150351,3,2,-0.3,-0.12,45311,0.74,4,197,6,904,194,194,0,700,500,229
2026-05-10 07:09:10.231,1517206,0,0,0,54006,21,0,52836,147726,0,3980,0,2,1,923,0,0,43845,1876,7211,0,0,500,0,12,199,0,0,0,0,0,0,0,1,1,150851,3,3,0.6,-0.16,45510,-0.56,4,352,6,4,844,144,700,0,500,199
2026-05-10 07:09:15.231,1522206,0,0,0,54569,21,0,53087,148226,0,3993,0,2,1,923,0,0,43845,1876,7211,0,0,500,0,13,251,0,0,0,0,0,0,0,1,1,151351,3,3,-2.5,-0.07,45761,0.74,4,437,4,4,1424,724,700,0,500,251
2026-05-10 07:09:20.231,1527206,0,0,0,55094,21,0,53355,148726,0,4007,0,1,1,923,0,0,43845,1876,7211,0,0,500,0,14,268,0,0,0,0,0,0,0,8,1,151851,3,0,-12.0,-0.20,46029,1.14,4,63,5,64,554,54,0,0,500,268
2026-05-10 07:09:25.231,1532206,0,0,0,55391,21,0,53541,149226,0,4019,0,2,1,923,0,0,43845,1876,7211,0,0,500,0,12,186,0,0,0,0,0,0,0,8,1,152351,3,2,1.3,-0.21,46215,0.98,4,23,5,944,514,514,0,700,500,186
2026-05-10 07:09:30.231,1537206,0,0,0,55604,21,0,53759,149726,0,4032,0,1,1,923,0,0,43845,1876,7211,0,0,500,0,13,218,0,0,0,0,0,0,0,1,1,152851,3,1,0.1,-0.15,46433,-0.96,5,17,5,5,14,14,1,500,500,218
2026-05-10 07:09:35.231,1542206,0,0,0,55904,21,0,54002,150226,0,4044,0,1,1,923,0,0,43845,1876,7211,0,0,500,0,12,243,0,0,0,0,0,0,0,1,1,153351,3,1,0.3,-0.17,46676,-0.67,5,272,6,5,265,265,1,500,500,243
2026-05-10 07:09:40.231,1547206,0,0,0,55967,21,0,54073,150726,0,4067,1,2,1,923,0,0,44159,1876,7211,0,0,500,0,23,71,0,0,314,0,0,0,0,9,1,153851,1,0,2.5,0.60,46747,-0.79,5,62,5,3145,4324,3135,0,0,500,71
2026-05-10 07:09:45.231,1552206,0,0,0,55967,21,0,54073,151226,0,4085,1,1,1,923,0,0,44659,1876,7211,0,0,500,0,18,0,0,0,500,0,0,0,0,9,9,154351,2,0,-5.1,-0.81,46747,-0.79,5,327,5,8145,9324,8135,0,0,500,0
2026-05-10 07:09:50.231,1557206,0,0,0,55967,21,0,54073,151726,0,4096,3,1,1,923,0,0,45159,1876,7211,0,0,500,0,11,0,0,0,500,0,0,0,0,9,9,154851,1,0,179.9,2.90,46747,-0.79,5,3,5,13145,14324,13135,0,0,500,0
2026-05-10 07:09:55.231,1562206,0,0,0,55967,21,0,54073,152226,0,4108,0,1,1,923,0,0,45659,1876,7211,0,0,500,0,12,0,0,0,500,0,0,0,0,9,9,155351,2,0,1.9,0.29,46747,-0.79,5,362,5,18145,19324,18135,0,0,500,0
2026-05-10 07:10:00.231,1567206,0,0,0,55967,21,0,54073,152726,0,4120,1,1,1,923,0,0,46159,1876,7211,0,0,500,0,12,0,0,0,500,0,0,0,0,9,9,155851,2,0,9.4,1.17,46747,-0.79,5,82,5,23145,24324,23135,0,0,500,0
2026-05-10 07:10:05.231,1572206,0,0,0,55967,21,0,54073,153226,0,4130,3,1,1,923,0,0,46659,1876,7211,0,0,500,0,10,0,0,0,500,0,0,0,0,9,9,156351,1,0,-121.9,-3.26,46747,-0.79,5,456,5,28145,29324,28135,0,0,500,0
2026-05-10 07:10:10.231,1577206,0,0,0,55967,21,0,54073,153726,0,4144,1,1,1,923,0,0,47159,1876,7211,0,0,500,0,14,0,0,0,500,0,0,0,0,9,9,156851,2,0,3.8,0.93,46747,-0.79,5,122,5,33145,34324,33135,0,0,500,0
2026-05-10 07:10:15.231,1582206,0,0,0,55967,21,0,54073,154226,0,4156,0,1,1,923,0,0,47659,1876,7211,0,0,500,0,12,0,0,0,500,0,0,0,0,9,9,157351,1,0,-1.0,-0.27,46747,-0.79,4,37,5,38145,39324,38135,0,0,500,0
2026-05-10 07:10:20.231,1587206,0,0,0,55967,21,0,54073,154726,0,4169,0,1,1,923,0,0,48159,1876,7211,0,0,500,0,13,0,0,0,500,0,0,0,0,9,9,157851,2,0,-0.2,0.24,46747,-0.79,5,427,5,43145,44324,43135,0,0,500,0
2026-05-10 07:10:25.231,1592206,0,0,0,55967,21,0,54073,155226,0,4181,0,1,1,923,0,0,48659,1876,7211,0,0,500,0,12,0,0,0,500,0,0,0,0,9,9,158351,1,0,1.8,1.70,46747,-0.79,5,268,5,48145,49324,48135,0,0,500,0
2026-05-10 07:10:30.231,1597206,0,0,0,55967,21,0,54073,155726,0,4192,0,2,1,923,0,0,49159,1876,7211,0,0,500,0,11,0,0,0,500,0,0,0,0,9,9,158851,1,0,1.3,-0.45,46747,-0.79,5,428,5,53145,54324,53135,0,0,500,0
2026-05-10 07:10:35.231,1602206,0,0,0,55967,21,0,54073,156226,0,4206,0,2,1,923,0,0,49659,1876,7211,0,0,500,0,14,0,0,0,500,0,0,0,0,9,9,159351,2,0,-1.7,-0.76,46747,-0.79,5,283,5,58145,59324,58135,0,0,500,0
2026-05-10 07:10:40.231,1607206,0,0,0,55967,21,0,54073,156726,0,4220,0,2,1,923,0,0,50159,1876,7211,0,0,500,0,14,0,0,0,500,0,0,0,0,9,9,159851,1,0,2.0,0.58,46747,-0.79,5,131,6,63145,64324,63135,0,0,500,0
2026-05-10 07:10:45.231,1612206,0,0,0,55967,21,0,54073,157226,0,4231,2,1,1,923,0,0,50659,1876,7211,0,0,500,0,11,0,0,0,500,0,0,0,0,9,9,160351,1,0,-172.1,-2.40,46747,-0.79,5,481,6,65535,65535,65535,0,0,500,0
2026-05-10 07:10:50.231,1617206,0,0,0,55967,21,0,54073,157726,0,4242,1,1,1,923,0,0,51159,1876,7211,0,0,500,0,11,0,0,0,500,0,0,0,0,9,9,160851,1,0,-16.6,-1.24,46747,-0.79,6,396,5,65535,65535,65535,0,0,500,0
2026-05-10 07:10:55.231,1622206,0,0,0,55967,21,0,54073,158226,0,4254,1,1,1,923,0,0,51659,1876,7211,0,0,500,0,12,0,0,0,500,0,0,0,0,9,9,161351,1,0,-6.5,-1.29,46747,-0.79,6,227,5,65535,65535,65535,0,0,500,0
2026-05-10 07:11:00.231,1627206,0,0,0,55967,21,0,54073,158726,0,4264,0,1,1,923,0,0,52159,1876,7211,0,0,500,0,10,0,0,0,500,0,0,0,0,9,9,161851,1,0,-56.5,0.14,46747,-0.79,6,277,5,65535,65535,65535,0,0,500,0
2026-05-10 07:11:05.231,1632206,0,0,0,55967,21,0,54073,159226,0,4274,0,2,1,923,0,0,52659,1876,7211,0,0,500,0,10,0,0,0,500,0,0,0,0,9,9,162351,1,0,-3.7,-0.19,46747,-0.79,5,352,6,65535,65535,65535,0,0,500,0
2026-05-10 07:11:10.231,1637206,0,0,0,55967,21,0,54073,159726,0,4285,1,1,1,923,0,0,53159,1876,7211,0,0,500,0,11,0,0,0,500,0,0,0,0,9,9,162851,1,0,-69.5,-1.44,46747,-0.79,5,197,6,65535,65535,65535,0,0,500,0
2026-05-10 07:11:15.231,1642206,0,0,0,55967,21,0,54073,160226,0,4295,3,1,1,923,0,0,53659,1876,7211,0,0,500,0,10,0,0,0,500,0,0,0,0,9,9,163351,1,0,-136.4,-2.91,46747,-0.79,5,247,6,65535,65535,65535,0,0,500,0
2026-05-10 07:11:20.231,1647206,0,0,0,55967,21,0,54073,160726,0,4305,1,1,1,923,0,0,54159,1876,7211,0,0,500,0,10,0,0,0,500,0,0,0,0,9,9,163851,1,0,-74.0,-2.43,46747,-0.79,6,296,6,65535,65535,65535,0,0,500,0
2026-05-10 07:11:25.231,1652206,0,0,0,55967,21,0,54073,161226,0,4316,2,1,1,923,0,0,54659,1876,7211,0,0,500,0,11,0,0,0,500,0,0,0,0,9,9,164351,1,0,158.0,2.00,46747,-0.79,6,461,5,65535,65535,65535,0,0,500,0
2026-05-10 07:11:30.231,1657206,0,0,0,55967,21,0,54073,161726,0,4328,1,2,1,923,0,0,55159,1876,7211,0,0,500,0,12,0,0,0,500,0,0,0,0,9,9,164851,1,0,-1.3,-0.89,46747,-0.79,6,436,6,65535,65535,65535,0,0,500,0
2026-05-10 07:11:35.231,1662206,0,0,0,55967,21,0,54073,162226,0,4339,2,1,1,923,0,0,55659,1876,7211,0,0,500,0,11,0,0,0,500,0,0,0,0,9,9,165351,1,0,-80.7,-2.28,46747,-0.79,6,326,5,65535,65535,65535,0,0,500,0
2026-05-10 07:11:40.231,1667206,0,0,0,55967,21,0,54073,162726,0,4351,0,2,1,923,0,0,56159,1876,7211,0,0,500,0,12,0,0,0,500,0,0,0,0,9,9,165851,1,0,-11.9,0.51,46747,-0.79,6,106,6,65535,65535,65535,0,0,500,0
2026-05-10 07:11:45.231,1672206,0,0,0,55967,21,0,54073,163226,0,4362,1,1,1,923,0,0,56659,1876,7211,0,0,500,0,11,0,0,0,500,0,0,0,0,9,9,166350,1,0,116.6,1.92,46747,-0.79,4,170,5,65535,65535,65535,0,0,499,0
2026-05-10 07:11:50.231,1677206,0,0,0,55967,21,0,54073,163726,0,4372,2,1,1,923,0,0,57159,1876,7211,0,0,500,0,10,0,0,0,500,0,0,0,0,9,9,166850,1,0,219.5,0.47,46747,-0.79,6,321,6,65535,65535,65535,0,0,500,0
2026-05-10 07:11:55.231,1682206,0,0,0,55967,21,0,54073,164226,0,4382,2,1,1,923,0,0,57659,1876,7211,0,0,500,0,10,0,0,0,500,0,0,0,0,9,9,167350,1,0,322.3,2.13,46747,-0.79,6,370,5,65535,65535,65535,0,0,500,0
2026-05-10 07:12:00.231,1687206,0,0,0,55967,21,0,54073,164726,0,4393,3,1,1,923,0,0,58159,1876,7211,0,0,500,0,11,0,0,0,500,0,0,0,0,9,9,167850,1,0,-266.9,-2.40,46747,-0.79,6,75,5,65535,65535,65535,0,0,500,0
2026-05-10 07:12:05.231,1692206,0,0,0,55967,21,0,54073,165226,0,4405,1,1,1,923,0,0,58659,1876,7211,0,0,500,0,12,0,0,0,500,0,0,0,0,9,9,168350,1,0,-19.8,1.97,46747,-0.79,5,24,6,65535,65535,65535,0,0,500,0
2026-05-10 07:12:10.231,1697206,0,0,0,55967,21,0,54073,165726,0,4418,3,1,1,923,0,0,59159,1876,7211,0,0,500,0,13,0,0,0,500,0,0,0,0,9,9,168850,1,0,345.4,3.28,46747,-0.79,6,410,6,65535,65535,65535,0,0,500,0
2026-05-10 07:12:15.231,1702206,0,0,0,55967,21,0,54073,166226,0,4428,1,1,1,923,0,0,59659,1876,7211,0,0,500,0,10,0,0,0,500,0,0,0,0,9,9,169350,1,0,-25.5,-1.81,46747,-0.79,6,460,6,65535,65535,65535,0,0,500,0
2026-05-10 07:12:20.231,1707206,0,0,0,55967,21,0,54073,166726,0,4440,2,1,1,923,0,0,60159,1876,7211,0,0,500,0,12,0,0,0,500,0,0,0,0,9,9,169850,1,0,-84.7,-1.03,46747,-0.79,6,335,6,65535,65535,65535,0,0,500,0
2026-05-10 07:12:25.231,1712206,0,0,0,55967,21,0,54073,167226,0,4454,1,1,1,923,0,0,60659,1876,7211,0,0,500,0,14,0,0,0,500,0,0,0,0,9,9,170350,1,0,-14.9,-1.92,46747,-0.79,6,46,6,65535,65535,65535,0,0,500,0
2026-05-10 07:12:30.231,1717206,0,0,0,55967,21,0,54073,167726,0,4465,0,1,1,923,0,0,61159,1876,7211,0,0,500,0,11,0,0,0,500,0,0,0,0,9,9,170850,1,0,-33.5,0.21,46747,-0.79,7,126,6,65535,65535,65535,0,0,500,0
2026-05-10 07:12:35.231,1722206,0,0,0,55967,21,0,54073,168226,0,4475,0,1,1,923,0,0,61659,1876,7211,0,0,500,0,10,0,0,0,500,0,0,0,0,9,9,171350,1,0,-19.2,0.63,46747,-0.79,7,175,6,65535,65535,65535,0,0,500,0
2026-05-10 07:12:40.231,1727206,0,0,0,55967,21,0,54073,168726,0,4486,1,1,1,923,0,0,62159,1876,7211,0,0,500,0,11,0,0,0,500,0,0,0,0,9,9,171850,1,0,-7.2,-1.91,46747,-0.79,7,140,6,65535,65535,65535,0,0,500,0
2026-05-10 07:12:45.231,1732206,0,0,0,55967,21,0,54073,169226,0,4497,0,2,1,923,0,0,62659,1876,7211,0,0,500,0,11,0,0,0,500,0,0,0,0,9,9,172350,1,0,-0.4,-0.00,46747,-0.79,7,30,6,65535,65535,65535,0,0,500,0
2026-05-10 07:12:50.231,1737206,0,0,0,55967,21,0,54073,169726,0,4507,0,2,1,923,0,0,63159,1876,7211,0,0,500,0,10,0,0,0,500,0,0,0,0,9,9,172850,1,0,-0.6,-0.23,46747,-0.79,7,80,6,65535,65535,65535,0,0,500,0
2026-05-10 07:12:55.231,1742206,0,0,0,55967,21,0,54073,170226,0,4517,0,2,1,923,0,0,63659,1876,7211,0,0,500,0,10,0,0,0,500,0,0,0,0,9,9,173350,1,0,-0.6,-0.23,46747,-0.79,7,128,6,65535,65535,65535,0,0,500,0

=== [5] 밀리초 이벤트 로그 ===
# type: 0=BUSOFF 1=REC_OK 2=REC_FAIL 3=REC_SOFT 4=ERR_PASS 5=ARB_LOST 6=BUS_ERR 7=TX_FAIL 8=RX_FULL 9=TX_BACKOFF 10=USER_MARK 11=NAG_MODE 12=MODEB_STATE 13=MODEB_PHASE 14=MODEB_FIRST_ECHO
# marker detail: 1=AP_WARNING | NAG_MODE detail: 0=A 1=B | MODEB_STATE detail: ap<<16|oldHo<<8|newHo | MODEB_PHASE detail: phase<<24|ap<<16|ho<<8|decision | FIRST_ECHO detail: delay_ms
wall_time,timestamp_ms,type,typeName,tec,rec,detail
2026-05-10 07:08:41.018,1487993,13,MODEB_PHASE,0,0,16974081
2026-05-10 07:08:41.018,1487993,14,MODEB_FIRST_ECHO,0,0,1
2026-05-10 07:08:41.518,1488493,13,MODEB_PHASE,0,0,196872
2026-05-10 07:08:42.347,1489322,12,MODEB_STATE,0,0,196866
2026-05-10 07:08:42.347,1489322,13,MODEB_PHASE,0,0,33751560
2026-05-10 07:08:43.048,1490023,13,MODEB_PHASE,0,0,50528769
2026-05-10 07:08:43.048,1490023,14,MODEB_FIRST_ECHO,0,0,701
2026-05-10 07:08:43.407,1490382,12,MODEB_STATE,0,0,197121
2026-05-10 07:08:43.407,1490382,13,MODEB_PHASE,0,0,16974081
2026-05-10 07:08:43.407,1490382,14,MODEB_FIRST_ECHO,0,0,1
2026-05-10 07:08:43.907,1490882,13,MODEB_PHASE,0,0,196872
2026-05-10 07:08:44.348,1491323,12,MODEB_STATE,0,0,196866
2026-05-10 07:08:44.348,1491323,13,MODEB_PHASE,0,0,33751560
2026-05-10 07:08:45.048,1492023,13,MODEB_PHASE,0,0,50528769
2026-05-10 07:08:45.048,1492023,14,MODEB_FIRST_ECHO,0,0,700
2026-05-10 07:08:45.827,1492802,12,MODEB_STATE,0,0,197121
2026-05-10 07:08:45.827,1492802,13,MODEB_PHASE,0,0,16974081
2026-05-10 07:08:45.827,1492802,14,MODEB_FIRST_ECHO,0,0,1
2026-05-10 07:08:46.328,1493303,13,MODEB_PHASE,0,0,196872
2026-05-10 07:08:46.748,1493723,12,MODEB_STATE,0,0,196866
2026-05-10 07:08:46.748,1493723,13,MODEB_PHASE,0,0,33751560
2026-05-10 07:08:47.448,1494423,13,MODEB_PHASE,0,0,50528769
2026-05-10 07:08:47.448,1494423,14,MODEB_FIRST_ECHO,0,0,700
2026-05-10 07:08:47.948,1494923,12,MODEB_STATE,0,0,197121
2026-05-10 07:08:47.948,1494923,13,MODEB_PHASE,0,0,16974081
2026-05-10 07:08:47.948,1494923,14,MODEB_FIRST_ECHO,0,0,1
2026-05-10 07:08:48.448,1495423,13,MODEB_PHASE,0,0,196872
2026-05-10 07:08:49.217,1496192,12,MODEB_STATE,0,0,196866
2026-05-10 07:08:49.217,1496192,13,MODEB_PHASE,0,0,33751560
2026-05-10 07:08:49.918,1496893,13,MODEB_PHASE,0,0,50528769
2026-05-10 07:08:49.918,1496893,14,MODEB_FIRST_ECHO,0,0,701
2026-05-10 07:08:50.328,1497303,12,MODEB_STATE,0,0,197121
2026-05-10 07:08:50.328,1497303,13,MODEB_PHASE,0,0,16974081
2026-05-10 07:08:50.328,1497303,14,MODEB_FIRST_ECHO,0,0,1
2026-05-10 07:08:50.828,1497803,13,MODEB_PHASE,0,0,196872
2026-05-10 07:08:51.258,1498233,12,MODEB_STATE,0,0,196866
2026-05-10 07:08:51.258,1498233,13,MODEB_PHASE,0,0,33751560
2026-05-10 07:08:51.958,1498933,13,MODEB_PHASE,0,0,50528769
2026-05-10 07:08:51.958,1498933,14,MODEB_FIRST_ECHO,0,0,700
2026-05-10 07:08:52.309,1499284,12,MODEB_STATE,0,0,197121
2026-05-10 07:08:52.309,1499284,13,MODEB_PHASE,0,0,16974081
2026-05-10 07:08:52.309,1499284,14,MODEB_FIRST_ECHO,0,0,1
2026-05-10 07:08:52.809,1499784,13,MODEB_PHASE,0,0,196872
2026-05-10 07:08:53.679,1500654,12,MODEB_STATE,0,0,196866
2026-05-10 07:08:53.679,1500654,13,MODEB_PHASE,0,0,33751560
2026-05-10 07:08:54.379,1501354,13,MODEB_PHASE,0,0,50528769
2026-05-10 07:08:54.379,1501354,14,MODEB_FIRST_ECHO,0,0,700
2026-05-10 07:08:54.708,1501683,12,MODEB_STATE,0,0,197121
2026-05-10 07:08:54.708,1501683,13,MODEB_PHASE,0,0,16974081
2026-05-10 07:08:54.708,1501683,14,MODEB_FIRST_ECHO,0,0,1
2026-05-10 07:08:55.208,1502183,13,MODEB_PHASE,0,0,196872
2026-05-10 07:08:55.639,1502614,12,MODEB_STATE,0,0,196866
2026-05-10 07:08:55.639,1502614,13,MODEB_PHASE,0,0,33751560
2026-05-10 07:08:56.339,1503314,13,MODEB_PHASE,0,0,50528769
2026-05-10 07:08:56.339,1503314,14,MODEB_FIRST_ECHO,0,0,700
2026-05-10 07:08:56.748,1503723,12,MODEB_STATE,0,0,197121
2026-05-10 07:08:56.748,1503723,13,MODEB_PHASE,0,0,16974081
2026-05-10 07:08:56.748,1503723,14,MODEB_FIRST_ECHO,0,0,1
2026-05-10 07:08:57.259,1504234,13,MODEB_PHASE,0,0,196872
2026-05-10 07:08:58.047,1505022,12,MODEB_STATE,0,0,196866
2026-05-10 07:08:58.047,1505022,13,MODEB_PHASE,0,0,33751560
2026-05-10 07:08:58.748,1505723,13,MODEB_PHASE,0,0,50528769
2026-05-10 07:08:58.748,1505723,14,MODEB_FIRST_ECHO,0,0,701
2026-05-10 07:08:59.068,1506043,12,MODEB_STATE,0,0,197121
2026-05-10 07:08:59.068,1506043,13,MODEB_PHASE,0,0,16974081
2026-05-10 07:08:59.068,1506043,14,MODEB_FIRST_ECHO,0,0,1
2026-05-10 07:08:59.577,1506552,13,MODEB_PHASE,0,0,196872
2026-05-10 07:09:00.198,1507173,12,MODEB_STATE,0,0,196866
2026-05-10 07:09:00.198,1507173,13,MODEB_PHASE,0,0,33751560
2026-05-10 07:09:00.899,1507874,13,MODEB_PHASE,0,0,50528769
2026-05-10 07:09:00.899,1507874,14,MODEB_FIRST_ECHO,0,0,701
2026-05-10 07:09:01.487,1508462,12,MODEB_STATE,0,0,197121
2026-05-10 07:09:01.487,1508462,13,MODEB_PHASE,0,0,16974081
2026-05-10 07:09:01.487,1508462,14,MODEB_FIRST_ECHO,0,0,1
2026-05-10 07:09:01.987,1508962,13,MODEB_PHASE,0,0,196872
2026-05-10 07:09:02.437,1509412,12,MODEB_STATE,0,0,196866
2026-05-10 07:09:02.437,1509412,13,MODEB_PHASE,0,0,33751560
2026-05-10 07:09:03.137,1510112,13,MODEB_PHASE,0,0,50528769
2026-05-10 07:09:03.137,1510112,14,MODEB_FIRST_ECHO,0,0,700
2026-05-10 07:09:03.837,1510812,12,MODEB_STATE,0,0,197121
2026-05-10 07:09:03.837,1510812,13,MODEB_PHASE,0,0,16974081
2026-05-10 07:09:03.837,1510812,14,MODEB_FIRST_ECHO,0,0,1
2026-05-10 07:09:04.337,1511312,13,MODEB_PHASE,0,0,196872
2026-05-10 07:09:05.037,1512012,12,MODEB_STATE,0,0,196866
2026-05-10 07:09:05.037,1512012,13,MODEB_PHASE,0,0,33751560
2026-05-10 07:09:05.737,1512712,13,MODEB_PHASE,0,0,50528769
2026-05-10 07:09:05.737,1512712,14,MODEB_FIRST_ECHO,0,0,700
2026-05-10 07:09:06.150,1513125,12,MODEB_STATE,0,0,197121
2026-05-10 07:09:06.150,1513125,13,MODEB_PHASE,0,0,16974081
2026-05-10 07:09:06.150,1513125,14,MODEB_FIRST_ECHO,0,0,1
2026-05-10 07:09:06.657,1513632,13,MODEB_PHASE,0,0,196872
2026-05-10 07:09:07.347,1514322,12,MODEB_STATE,0,0,196866
2026-05-10 07:09:07.347,1514322,13,MODEB_PHASE,0,0,33751560
2026-05-10 07:09:08.047,1515022,13,MODEB_PHASE,0,0,50528769
2026-05-10 07:09:08.047,1515022,14,MODEB_FIRST_ECHO,0,0,700
2026-05-10 07:09:08.467,1515442,12,MODEB_STATE,0,0,197121
2026-05-10 07:09:08.467,1515442,13,MODEB_PHASE,0,0,16974081
2026-05-10 07:09:08.467,1515442,14,MODEB_FIRST_ECHO,0,0,1
2026-05-10 07:09:08.967,1515942,13,MODEB_PHASE,0,0,196872
2026-05-10 07:09:09.387,1516362,12,MODEB_STATE,0,0,196866
2026-05-10 07:09:09.387,1516362,13,MODEB_PHASE,0,0,33751560
2026-05-10 07:09:10.087,1517062,13,MODEB_PHASE,0,0,50528769
2026-05-10 07:09:10.087,1517062,14,MODEB_FIRST_ECHO,0,0,700
2026-05-10 07:09:10.617,1517592,12,MODEB_STATE,0,0,197121
2026-05-10 07:09:10.617,1517592,13,MODEB_PHASE,0,0,16974081
2026-05-10 07:09:10.617,1517592,14,MODEB_FIRST_ECHO,0,0,1
2026-05-10 07:09:11.117,1518092,13,MODEB_PHASE,0,0,196872
2026-05-10 07:09:11.777,1518752,12,MODEB_STATE,0,0,196866
2026-05-10 07:09:11.777,1518752,13,MODEB_PHASE,0,0,33751560
2026-05-10 07:09:12.477,1519452,13,MODEB_PHASE,0,0,50528769
2026-05-10 07:09:12.477,1519452,14,MODEB_FIRST_ECHO,0,0,700
2026-05-10 07:09:12.877,1519852,12,MODEB_STATE,0,0,197121
2026-05-10 07:09:12.877,1519852,13,MODEB_PHASE,0,0,16974081
2026-05-10 07:09:12.877,1519852,14,MODEB_FIRST_ECHO,0,0,1
2026-05-10 07:09:13.377,1520352,13,MODEB_PHASE,0,0,196872
2026-05-10 07:09:13.807,1520782,12,MODEB_STATE,0,0,196866
2026-05-10 07:09:13.807,1520782,13,MODEB_PHASE,0,0,33751560
2026-05-10 07:09:14.507,1521482,13,MODEB_PHASE,0,0,50528769
2026-05-10 07:09:14.507,1521482,14,MODEB_FIRST_ECHO,0,0,700
2026-05-10 07:09:15.517,1522492,12,MODEB_STATE,0,0,197121
2026-05-10 07:09:15.517,1522492,13,MODEB_PHASE,0,0,16974081
2026-05-10 07:09:15.517,1522492,14,MODEB_FIRST_ECHO,0,0,1
2026-05-10 07:09:16.017,1522992,13,MODEB_PHASE,0,0,196872
2026-05-10 07:09:16.447,1523422,12,MODEB_STATE,0,0,196866
2026-05-10 07:09:16.447,1523422,13,MODEB_PHASE,0,0,33751560
2026-05-10 07:09:17.149,1524124,13,MODEB_PHASE,0,0,50528769
2026-05-10 07:09:17.149,1524124,14,MODEB_FIRST_ECHO,0,0,702
2026-05-10 07:09:17.637,1524612,12,MODEB_STATE,0,0,197121
2026-05-10 07:09:17.637,1524612,13,MODEB_PHASE,0,0,16974081
2026-05-10 07:09:17.637,1524612,14,MODEB_FIRST_ECHO,0,0,1
2026-05-10 07:09:18.137,1525112,13,MODEB_PHASE,0,0,196872
2026-05-10 07:09:18.567,1525542,12,MODEB_STATE,0,0,196866
2026-05-10 07:09:18.567,1525542,13,MODEB_PHASE,0,0,33751560
2026-05-10 07:09:19.267,1526242,13,MODEB_PHASE,0,0,50528769
2026-05-10 07:09:19.267,1526242,14,MODEB_FIRST_ECHO,0,0,700
2026-05-10 07:09:19.677,1526652,12,MODEB_STATE,0,0,197121
2026-05-10 07:09:19.677,1526652,13,MODEB_PHASE,0,0,16974081
2026-05-10 07:09:19.677,1526652,14,MODEB_FIRST_ECHO,0,0,1
2026-05-10 07:09:20.177,1527152,13,MODEB_PHASE,0,0,196872
2026-05-10 07:09:20.617,1527592,12,MODEB_STATE,0,0,196866
2026-05-10 07:09:20.617,1527592,13,MODEB_PHASE,0,0,33751560
2026-05-10 07:09:21.317,1528292,13,MODEB_PHASE,0,0,50528769
2026-05-10 07:09:21.317,1528292,14,MODEB_FIRST_ECHO,0,0,700
2026-05-10 07:09:21.797,1528772,12,MODEB_STATE,0,0,197121
2026-05-10 07:09:21.797,1528772,13,MODEB_PHASE,0,0,16974081
2026-05-10 07:09:21.797,1528772,14,MODEB_FIRST_ECHO,0,0,1
2026-05-10 07:09:22.297,1529272,13,MODEB_PHASE,0,0,196872
2026-05-10 07:09:22.717,1529692,12,MODEB_STATE,0,0,196866
2026-05-10 07:09:22.717,1529692,13,MODEB_PHASE,0,0,33751560
2026-05-10 07:09:23.417,1530392,13,MODEB_PHASE,0,0,50528769
2026-05-10 07:09:23.417,1530392,14,MODEB_FIRST_ECHO,0,0,700
2026-05-10 07:09:23.797,1530772,12,MODEB_STATE,0,0,197121
2026-05-10 07:09:23.797,1530772,13,MODEB_PHASE,0,0,16974081
2026-05-10 07:09:23.797,1530772,14,MODEB_FIRST_ECHO,0,0,1
2026-05-10 07:09:24.297,1531272,13,MODEB_PHASE,0,0,196872
2026-05-10 07:09:24.717,1531692,12,MODEB_STATE,0,0,196866
2026-05-10 07:09:24.717,1531692,13,MODEB_PHASE,0,0,33751560
2026-05-10 07:09:25.427,1532402,13,MODEB_PHASE,0,0,50528769
2026-05-10 07:09:25.427,1532402,14,MODEB_FIRST_ECHO,0,0,710
2026-05-10 07:09:25.776,1532751,12,MODEB_STATE,0,0,197121
2026-05-10 07:09:25.776,1532751,13,MODEB_PHASE,0,0,16974081
2026-05-10 07:09:25.776,1532751,14,MODEB_FIRST_ECHO,0,0,1
2026-05-10 07:09:26.276,1533251,13,MODEB_PHASE,0,0,196872
2026-05-10 07:09:26.707,1533682,12,MODEB_STATE,0,0,196866
2026-05-10 07:09:26.707,1533682,13,MODEB_PHASE,0,0,33751560
2026-05-10 07:09:27.407,1534382,13,MODEB_PHASE,0,0,50528769
2026-05-10 07:09:27.407,1534382,14,MODEB_FIRST_ECHO,0,0,700
2026-05-10 07:09:27.796,1534771,12,MODEB_STATE,0,0,197121
2026-05-10 07:09:27.796,1534771,13,MODEB_PHASE,0,0,16974081
2026-05-10 07:09:27.796,1534771,14,MODEB_FIRST_ECHO,0,0,1
2026-05-10 07:09:28.296,1535271,13,MODEB_PHASE,0,0,196872
2026-05-10 07:09:29.097,1536072,12,MODEB_STATE,0,0,196866
2026-05-10 07:09:29.097,1536072,13,MODEB_PHASE,0,0,33751560
2026-05-10 07:09:29.797,1536772,13,MODEB_PHASE,0,0,50528769
2026-05-10 07:09:29.797,1536772,14,MODEB_FIRST_ECHO,0,0,700
2026-05-10 07:09:30.217,1537192,12,MODEB_STATE,0,0,197121
2026-05-10 07:09:30.217,1537192,13,MODEB_PHASE,0,0,16974081
2026-05-10 07:09:30.217,1537192,14,MODEB_FIRST_ECHO,0,0,1
2026-05-10 07:09:30.717,1537692,13,MODEB_PHASE,0,0,196872
2026-05-10 07:09:31.157,1538132,12,MODEB_STATE,0,0,196866
2026-05-10 07:09:31.157,1538132,13,MODEB_PHASE,0,0,33751560
2026-05-10 07:09:31.857,1538832,13,MODEB_PHASE,0,0,50528769
2026-05-10 07:09:31.857,1538832,14,MODEB_FIRST_ECHO,0,0,700
2026-05-10 07:09:32.537,1539512,12,MODEB_STATE,0,0,197121
2026-05-10 07:09:32.537,1539512,13,MODEB_PHASE,0,0,16974081
2026-05-10 07:09:32.537,1539512,14,MODEB_FIRST_ECHO,0,0,1
2026-05-10 07:09:33.037,1540012,13,MODEB_PHASE,0,0,196872
2026-05-10 07:09:33.766,1540741,12,MODEB_STATE,0,0,196866
2026-05-10 07:09:33.766,1540741,13,MODEB_PHASE,0,0,33751560
2026-05-10 07:09:34.466,1541441,13,MODEB_PHASE,0,0,50528769
2026-05-10 07:09:34.466,1541441,14,MODEB_FIRST_ECHO,0,0,700
2026-05-10 07:09:34.966,1541941,12,MODEB_STATE,0,0,197121
2026-05-10 07:09:34.966,1541941,13,MODEB_PHASE,0,0,16974081
2026-05-10 07:09:34.966,1541941,14,MODEB_FIRST_ECHO,0,0,1
2026-05-10 07:09:35.466,1542441,13,MODEB_PHASE,0,0,196872
2026-05-10 07:09:35.907,1542882,12,MODEB_STATE,0,0,196866
2026-05-10 07:09:35.907,1542882,13,MODEB_PHASE,0,0,33751560
2026-05-10 07:09:36.616,1543591,13,MODEB_PHASE,0,0,50528769
2026-05-10 07:09:36.616,1543591,14,MODEB_FIRST_ECHO,0,0,709
2026-05-10 07:09:37.096,1544071,13,MODEB_PHASE,0,0,66057
